29660
3662
6457
2340
26892
21832
23534
0
3153
5304
14659
10064
19277
0
6806
13125
31077
11242
0
26343
13772
30479
12321
0
14297
30331
12900
32305
10079
0
10154
16477
6687
0
746
16701
17120
0
30272
27851
5826
0
25315
23221
23759
25666
1367
6587
0
9519
12772
19033
6765
0
13638
19623
25959
25073
11686
1405
4163
0
28617
32474
9238
0
19592
26503
28826
13216
19072
13815
13182
0
10250
29298
18944
16756
14702
27763
8382
315
30547
24398
21961
32644
20858
18965
16636
30096
6572
32445
22156
2189
6897
11389
6111
18199
12547
0
