820 21292 12637 322 21013 17178 16445 14757 9026 5161 25709 17961 14093 14598 12379 8458 8103 29640 426 2723 
820 21292 12637 322 6736 6851 12166 8597 8781 9130 15482 25861 30047 15757 29632 30114 20605 29853 10139 14390
29451 11910 15174 18079 568 7988 24277 2656 32228 24734 24981 110 10004 12349 18787 7230 21560 14425 20158 20066 
820 21292 12637 19949 11909 5849 30901 5891 29479 29058 22090 32733 21779 4753 18917 7914 3980 3210 3860 10327 
820 21292 12637 19949 11909 5849 30901 5891 29479 29058 22090 12197 7478 15829 7864 30653 28114 27548 26577 4456 
820 21292 12637 19949 11909 5849 30901 5891 29479 29058 22090 12197 7478 15829 7864 30653 28114 27548 26577 4456 
820 21292 12637 19949 11909 5849 30901 5891 29479 29058 22090 12197 7478 15829 7864 30653 28114 12393 14952 14619 
820 21292 12637 19949 11909 5849 30901 5891 29479 29058 22090 12197 7478 15829 7864 30653 28114 12393 14952 14619 
820 21292 12637 322 21013 17178 16445 10284 8844 27733 13808 12076 8317 22506 26680 18815 3398 28817 19070 16952 
820 21292 12637 322 6736 6851 12166 8597 8781 9130 15482 25861 1052 15887 29507 7792 8375 8680 3061 13280 
